0 164 267
164 0 167
72 11 38
11 72 0
31 25 228
25 31 226
11 317 12
317 11 268
141 19 94
19 141 125
4 51 5
51 4 45
13 317 14
317 13 12
167 0 37
1 125 44
125 1 19
3 195 5
195 3 196
1 44 4
23 145 472
145 23 24
4 281 275
281 4 5
1 4 274
45 4 44
281 5 248
3 5 51
475 286 258
286 475 385
197 122 6
122 197 196
27 470 159
470 27 28
104 69 105
69 104 67
49 131 115
131 49 209
101 36 205
36 101 142
286 385 384
55 8 193
8 55 9
253 374 254
374 253 477
8 9 285
223 65 222
65 223 52
257 442 443
442 257 258
443 442 295
103 486 488
486 103 526
110 229 228
229 110 24
11 0 302
268 11 302
82 12 87
12 82 11
267 164 393
11 82 38
12 13 87
14 317 15
87 13 14
302 402 268
402 302 311
14 15 87
317 268 312
15 16 86
16 15 316
354 462 370
462 354 461
25 7 110
7 25 33
16 17 84
17 16 315
1 274 354
175 171 208
171 175 148
17 18 83
18 17 314
330 266 371
266 330 280
354 274 461
141 94 2
19 1 354
241 242 20
242 241 125
97 164 167
164 97 141
100 119 120
119 100 101
486 526 524
160 29 27
29 160 30
139 162 71
162 139 127
471 159 468
159 471 160
26 233 232
233 26 112
120 121 47
121 120 231
144 24 163
24 144 145
22 23 472
23 22 231
120 47 100
163 24 110
24 23 230
164 141 2
113 226 124
226 113 130
110 7 163
22 26 232
26 22 154
55 193 221
174 196 3
196 174 188
65 107 55
107 65 66
27 159 160
63 70 68
70 63 53
28 27 222
189 244 243
244 189 193
153 22 472
22 153 154
52 224 53
224 52 223
27 29 223
161 471 163
471 161 160
113 124 225
29 30 224
25 226 130
156 35 143
35 156 124
89 88 179
88 89 80
111 35 31
35 111 143
118 50 117
50 118 101
176 208 171
208 176 140
148 175 152
246 247 30
247 246 33
7 33 246
33 25 130
71 162 21
214 216 212
216 214 192
127 536 162
536 127 538
31 35 226
139 143 34
143 139 156
247 33 130
186 185 61
185 186 92
228 117 31
117 228 118
115 48 49
48 115 219
72 73 37
73 72 41
37 165 167
165 37 39
37 0 72
178 72 38
72 178 41
84 17 83
39 37 73
235 59 240
59 235 166
39 40 165
40 39 74
182 84 83
84 182 181
203 129 64
129 203 36
39 42 74
42 39 73
41 178 81
91 181 106
181 91 180
42 88 80
88 42 73
90 77 96
77 90 91
185 62 76
62 185 78
194 204 106
204 194 211
92 216 206
216 92 186
44 241 238
241 44 125
219 218 166
218 219 115
45 44 237
134 220 131
220 134 45
51 45 134
156 46 124
46 156 70
53 225 46
225 53 224
113 225 247
126 142 100
142 126 209
22 232 231
217 126 47
126 217 198
48 129 102
129 48 64
79 239 60
239 79 237
167 99 97
99 167 240
126 100 47
49 48 102
36 49 129
49 36 142
116 117 123
117 116 111
101 205 50
50 205 187
236 198 217
198 236 134
3 51 236
52 66 65
66 52 105
223 222 27
224 30 225
52 53 105
53 46 70
105 69 66
21 54 68
54 21 530
486 524 484
9 55 107
55 222 65
222 55 221
28 56 158
56 28 221
221 28 222
154 173 155
173 154 157
213 192 215
192 213 207
43 57 61
57 43 202
202 212 57
212 202 210
123 147 137
147 123 50
212 210 135
132 542 540
542 132 544
235 240 98
166 235 219
238 60 239
60 238 99
240 167 98
79 75 166
75 79 60
99 238 20
61 57 186
185 76 61
43 61 146
61 76 146
74 183 40
183 74 191
62 146 76
146 62 78
105 53 63
67 104 103
212 216 186
64 48 219
165 40 92
68 104 63
104 68 54
151 107 108
107 151 9
108 109 10
109 108 69
104 54 103
484 522 482
522 484 524
21 68 71
66 69 108
69 67 109
68 70 71
71 70 156
139 34 127
73 41 88
74 42 95
191 96 183
96 191 95
98 167 165
59 75 240
75 59 166
75 60 99
185 40 184
40 185 92
146 78 77
95 42 89
77 78 184
184 40 183
45 237 220
89 42 80
16 84 85
179 88 41
41 81 179
86 16 85
38 86 178
86 38 87
38 82 87
201 32 194
32 201 208
83 18 200
89 179 180
85 84 181
178 179 81
179 178 86
15 86 87
86 85 179
95 90 96
90 95 89
180 90 89
90 180 91
77 91 146
85 180 179
180 85 181
146 106 43
106 146 91
181 182 106
165 203 98
203 165 206
234 116 227
116 234 34
137 147 177
520 478 480
2 94 370
94 19 370
74 95 191
183 77 184
77 183 96
99 20 97
97 20 242
99 240 75
98 203 64
98 64 235
142 101 100
23 231 230
119 118 229
118 119 101
129 49 102
67 103 490
103 54 528
520 480 482
63 104 105
211 194 32
43 106 204
107 66 108
108 10 151
10 109 496
109 67 494
228 25 110
143 116 34
116 143 111
111 31 117
116 123 137
221 193 189
112 26 155
155 26 154
225 124 46
247 225 30
124 226 35
47 114 217
114 47 121
128 121 232
121 128 114
217 114 174
218 220 79
220 218 115
79 220 237
227 137 93
137 227 116
117 50 123
119 229 230
24 230 229
120 230 231
230 120 119
231 232 121
188 114 128
114 188 174
243 112 133
112 243 233
6 122 193
71 156 139
242 125 141
134 236 51
209 49 142
54 530 528
127 34 234
234 227 93
232 233 128
244 233 243
233 244 245
130 113 247
115 131 220
198 209 126
209 198 131
93 132 540
132 93 177
58 132 215
132 58 544
133 112 155
190 243 133
243 190 189
131 198 134
214 135 172
135 214 212
210 136 135
136 210 169
138 172 58
172 138 214
135 136 172
170 149 150
149 170 32
546 58 172
58 546 544
177 93 137
138 58 192
149 32 140
140 32 208
149 140 176
141 97 242
161 163 7
145 471 468
471 145 144
469 468 158
468 469 153
147 50 187
147 213 132
213 147 187
147 132 177
150 550 136
550 150 489
176 171 148
175 208 199
210 211 169
211 210 204
172 548 546
548 172 136
150 136 169
150 149 491
151 10 337
9 151 336
148 152 499
262 369 428
369 262 378
489 150 491
158 56 157
468 472 145
472 468 153
154 153 469
155 173 133
154 469 157
157 56 190
28 158 470
158 157 469
158 159 470
159 158 468
163 471 144
30 160 161
161 7 246
30 161 246
21 162 532
526 103 528
302 0 267
164 2 370
165 92 206
79 166 218
6 168 417
168 6 193
8 168 193
168 8 417
43 204 202
150 169 211
150 211 170
32 170 211
200 201 83
201 200 199
190 56 221
133 173 190
173 157 190
174 3 236
152 175 377
200 313 421
313 200 18
249 255 390
255 249 263
149 176 493
176 148 495
136 550 548
106 182 194
182 83 201
182 201 194
184 78 185
186 57 212
192 58 215
205 207 187
207 205 206
122 188 245
188 122 196
188 128 245
193 122 245
190 221 189
138 192 214
207 213 187
5 195 248
343 437 399
437 343 277
195 419 248
419 195 197
195 196 197
197 6 351
174 236 217
175 199 396
201 199 208
199 200 421
393 269 267
269 393 391
204 210 202
36 203 205
205 203 206
207 206 216
192 207 216
132 213 215
64 219 235
223 29 224
118 228 229
128 233 245
127 234 538
234 93 538
532 162 534
237 44 239
20 238 241
239 44 238
244 193 245
255 261 339
261 255 446
349 277 350
277 349 329
337 296 336
296 337 299
253 254 450
164 370 393
370 19 354
512 525 510
525 512 523
259 387 257
387 259 260
293 334 333
334 293 283
453 256 452
256 453 341
386 474 473
474 386 387
350 277 343
252 253 451
253 252 477
254 373 339
373 254 374
360 279 344
279 360 429
329 348 330
348 329 349
339 373 390
346 448 340
448 346 347
390 255 339
466 467 359
467 466 388
199 421 428
6 417 351
252 256 381
256 252 452
197 351 419
257 386 475
386 257 387
9 336 285
443 444 259
444 443 282
417 285 441
285 417 8
258 257 475
417 441 413
390 474 388
474 390 373
259 257 443
444 282 283
446 255 359
260 259 444
276 353 445
353 276 383
400 428 369
428 400 396
265 353 372
353 265 446
265 340 261
340 265 372
175 396 377
340 448 261
364 434 397
434 364 432
466 359 263
255 263 359
263 249 466
432 410 436
410 432 287
383 372 353
372 383 368
447 345 454
345 447 352
372 356 264
356 372 368
265 261 446
449 339 448
339 449 254
270 409 408
409 270 322
278 344 279
344 278 439
326 250 328
250 326 462
303 267 269
267 303 302
405 321 406
321 405 320
16 316 315
302 303 271
460 455 327
455 460 289
375 308 292
308 375 307
269 270 304
270 269 391
358 423 294
423 358 266
311 302 271
272 269 304
269 272 303
271 318 403
318 271 310
303 310 271
310 303 272
272 318 310
318 272 319
430 431 424
431 430 394
409 410 291
410 409 322
322 436 410
436 322 426
439 438 344
438 439 392
461 274 458
274 4 275
440 363 360
363 440 275
274 275 457
301 383 300
383 301 389
260 445 342
445 260 444
355 437 277
437 355 420
452 252 451
355 371 429
371 355 329
309 305 459
305 309 289
278 358 294
358 278 331
328 393 326
393 328 460
278 279 331
355 277 329
266 279 371
279 266 358
433 416 427
416 433 435
266 280 425
346 345 352
345 346 340
399 456 248
456 399 437
275 281 363
281 248 456
298 300 293
300 298 301
443 295 282
282 296 334
296 282 295
276 283 300
283 276 444
283 282 334
300 283 293
251 284 531
284 251 298
337 336 151
332 506 508
506 332 297
285 442 441
442 285 295
258 441 442
441 258 286
252 380 477
380 252 381
273 287 422
287 273 291
425 280 411
432 422 287
422 432 430
376 323 401
323 376 352
509 551 511
551 509 379
392 455 289
455 392 439
270 391 322
459 274 457
274 459 458
459 305 290
327 391 393
391 327 423
458 328 250
328 458 290
291 273 306
409 291 306
287 291 410
415 304 270
304 415 324
292 306 375
306 292 409
375 306 273
333 298 293
298 333 284
294 455 439
455 294 327
278 294 439
432 436 434
295 285 336
295 336 296
284 333 332
338 299 337
299 338 297
299 332 333
332 299 297
338 337 10
490 103 488
298 251 301
334 296 299
276 300 383
301 251 389
272 304 324
325 415 407
415 325 324
305 289 460
393 460 327
290 305 328
409 292 308
272 324 319
307 321 320
321 307 375
308 307 408
409 308 408
440 457 275
457 440 438
289 309 392
309 459 457
271 403 311
318 404 403
404 318 319
18 314 313
312 268 402
17 315 314
311 403 402
421 262 428
262 421 418
313 314 405
315 403 404
403 315 316
314 315 405
316 15 317
312 402 316
312 316 317
320 404 319
404 320 405
319 324 320
307 320 325
405 406 313
321 375 335
391 423 426
361 411 376
411 361 433
352 447 366
401 323 366
325 320 324
307 407 408
407 307 325
393 370 326
423 327 294
460 328 305
330 371 329
451 253 450
280 330 347
450 254 449
331 279 358
284 332 529
338 500 502
500 338 10
299 333 334
431 418 424
418 431 262
321 335 406
273 335 375
335 273 424
297 338 502
339 261 448
345 372 264
372 345 340
382 256 341
256 382 381
464 341 453
341 464 463
353 446 342
260 342 467
445 353 342
419 351 412
350 357 452
357 350 343
457 438 309
438 440 344
352 366 323
345 264 454
280 346 352
346 280 347
347 330 348
449 348 450
348 449 347
450 349 451
349 450 348
452 451 350
349 350 451
341 463 362
412 343 399
343 412 357
280 352 376
462 461 250
279 429 371
420 456 437
456 420 363
510 525 527
264 356 447
389 368 383
368 389 356
357 465 453
465 357 412
453 452 357
342 446 467
467 446 359
429 420 355
420 429 363
360 344 440
435 433 361
376 401 361
435 361 401
463 414 362
414 463 413
341 362 382
464 413 463
413 464 417
360 363 429
363 281 456
365 430 364
430 365 394
416 436 427
436 416 434
424 418 335
377 503 501
503 377 505
365 364 397
505 400 507
400 505 377
401 543 435
543 401 541
264 447 454
288 367 416
367 288 397
397 288 545
378 262 395
369 378 400
326 370 462
474 374 473
374 474 373
390 388 249
385 476 384
476 385 473
280 376 411
152 377 501
396 400 377
491 149 493
378 395 379
499 152 501
378 379 509
365 379 394
379 365 551
381 398 476
398 381 382
477 473 374
473 477 380
398 382 362
380 381 476
286 384 414
476 398 384
473 380 476
385 386 473
386 385 475
388 474 387
387 260 388
249 388 466
388 260 467
356 389 535
389 251 533
514 521 523
521 514 516
322 391 426
392 309 438
394 379 431
424 273 422
395 262 431
431 379 395
396 199 428
365 397 547
367 397 434
378 509 507
384 398 414
398 362 414
286 414 441
248 419 399
400 378 507
495 148 497
397 545 547
401 366 541
316 402 403
315 404 405
313 406 418
406 335 418
313 418 421
270 407 415
407 270 408
416 367 434
427 425 411
425 427 426
412 351 465
412 399 419
351 417 465
441 414 413
288 416 435
433 427 411
430 424 422
430 432 364
423 266 425
423 425 426
426 427 436
288 435 545
365 547 549
444 276 445
366 447 539
447 356 537
510 527 332
448 347 449
453 465 464
290 458 459
458 250 461
465 417 464
482 522 520
538 93 540
67 490 492
481 479 556
67 492 494
483 481 556
485 483 554
493 176 495
109 494 496
487 485 552
489 487 550
497 148 499
10 496 498
10 498 500
297 502 504
297 504 506
365 549 551
332 508 510
523 512 514
545 435 543
541 366 539
521 516 518
513 511 553
332 527 529
539 447 537
515 513 555
535 389 533
517 515 557
557 519 517
251 531 533
284 529 531
530 21 532
534 162 536
356 535 537
550 487 552
511 551 553
552 485 554
513 553 555
554 483 556
515 555 557
